{
  "cities": [
    {
      "id": 0,
      "x": 345,
      "y": 500,
      "name": "Paris",
      "pop": 2145906
    },
    {
      "id": 1,
      "x": 567,
      "y": 221,
      "name": "Toulouse",
      "pop": 511684
    },
    {
      "id": 2,
      "x": 624,
      "y": 0,
      "name": "Métropole de Lyon",
      "pop": 1433613
    },
    {
      "id": 3,
      "x": 566,
      "y": 221,
      "name": "Nice",
      "pop": 353701
    },
    {
      "id": 4,
      "x": 254,
      "y": 26,
      "name": "Nantes",
      "pop": 325070
    },
    {
      "id": 5,
      "x": 800,
      "y": 41,
      "name": "Marseille",
      "pop": 877215
    },
    {
      "id": 6,
      "x": 0,
      "y": 359,
      "name": "Lyon",
      "pop": 520774
    },
    {
      "id": 7,
      "x": 482,
      "y": 26,
      "name": "Montpellier",
      "pop": 307101
    }
  ],
  "lines": [
    {
      "city_a": 0,
      "city_b": 1,
      "time": 573,
      "dist": 764,
      "wait": 0,
      "demand": 2437
    },
    {
      "city_a": 0,
      "city_b": 2,
      "time": 383,
      "dist": 511,
      "wait": 0,
      "demand": 12500
    },
    {
      "city_a": 0,
      "city_b": 6,
      "time": 382,
      "dist": 510,
      "wait": 0,
      "demand": 4551
    },
    {
      "city_a": 0,
      "city_b": 3,
      "time": 669,
      "dist": 892,
      "wait": 0,
      "demand": 1335
    },
    {
      "city_a": 0,
      "city_b": 4,
      "time": 335,
      "dist": 446,
      "wait": 0,
      "demand": 3467
    },
    {
      "city_a": 0,
      "city_b": 7,
      "time": 580,
      "dist": 773,
      "wait": 0,
      "demand": 1438
    },
    {
      "city_a": 1,
      "city_b": 2,
      "time": 352,
      "dist": 469,
      "wait": 0,
      "demand": 3384
    },
    {
      "city_a": 1,
      "city_b": 6,
      "time": 351,
      "dist": 468,
      "wait": 0,
      "demand": 1233
    },
    {
      "city_a": 1,
      "city_b": 3,
      "time": 458,
      "dist": 611,
      "wait": 0,
      "demand": 562
    },
    {
      "city_a": 1,
      "city_b": 4,
      "time": 453,
      "dist": 604,
      "wait": 0,
      "demand": 525
    },
    {
      "city_a": 1,
      "city_b": 7,
      "time": 192,
      "dist": 256,
      "wait": 0,
      "demand": 1803
    },
    {
      "city_a": 2,
      "city_b": 3,
      "time": 290,
      "dist": 387,
      "wait": 0,
      "demand": 3121
    },
    {
      "city_a": 2,
      "city_b": 4,
      "time": 504,
      "dist": 673,
      "wait": 0,
      "demand": 1252
    },
    {
      "city_a": 2,
      "city_b": 6,
      "time": 1,
      "dist": 1,
      "wait": 0,
      "demand": 23916423
    },
    {
      "city_a": 2,
      "city_b": 7,
      "time": 244,
      "dist": 326,
      "wait": 0,
      "demand": 3508
    },
    {
      "city_a": 3,
      "city_b": 6,
      "time": 291,
      "dist": 388,
      "wait": 0,
      "demand": 1129
    },
    {
      "city_a": 3,
      "city_b": 4,
      "time": 772,
      "dist": 1029,
      "wait": 0,
      "demand": 163
    },
    {
      "city_a": 3,
      "city_b": 7,
      "time": 267,
      "dist": 356,
      "wait": 0,
      "demand": 758
    },
    {
      "city_a": 4,
      "city_b": 6,
      "time": 504,
      "dist": 671,
      "wait": 0,
      "demand": 456
    },
    {
      "city_a": 4,
      "city_b": 7,
      "time": 569,
      "dist": 759,
      "wait": 0,
      "demand": 224
    },
    {
      "city_a": 6,
      "city_b": 7,
      "time": 244,
      "dist": 326,
      "wait": 0,
      "demand": 1275
    }
  ],
  "demand_matrix": [
    [
      0.0,
      2437.4312556219916,
      12499.519267456553,
      1335.3401610969004,
      3466.939705446621,
      3508.2761079800707,
      4550.880282765204,
      1437.8402840649417
    ],
    [
      2437.4312556219916,
      0.0,
      3383.9811139480444,
      561.5698114680376,
      525.1034618888054,
      2476.171134666283,
      1232.5708814282607,
      1803.2958629446723
    ],
    [
      12499.519267456553,
      3383.9811139480444,
      0.0,
      3120.6865826643707,
      1252.1647435110572,
      8649.086676443474,
      23916422.757466085,
      3507.548827198259
    ],
    [
      1335.3401610969004,
      561.5698114680376,
      3120.6865826643707,
      0.0,
      163.2036181406241,
      4867.806514795544,
      1129.309375636231,
      758.1966860324048
    ],
    [
      3466.939705446621,
      525.1034618888054,
      1252.1647435110572,
      163.2036181406241,
      0.0,
      490.95785343619843,
      456.14357027249326,
      223.8849847932664
    ],
    [
      3508.2761079800707,
      2476.171134666283,
      8649.086676443474,
      4867.806514795544,
      490.95785343619843,
      0.0,
      3136.680321902123,
      6000.49421389808
    ],
    [
      4550.880282765204,
      1232.5708814282607,
      23916422.757466085,
      1129.309375636231,
      456.14357027249326,
      3136.680321902123,
      0.0,
      1275.3641053033482
    ],
    [
      1437.8402840649417,
      1803.2958629446723,
      3507.548827198259,
      758.1966860324048,
      223.8849847932664,
      6000.49421389808,
      1275.3641053033482,
      0.0
    ]
  ]
}